4 0.6966666666666667 0.7766666666666666 0.1825 0.1575
5 0.6975 0.6241666666666666 0.16916666666666666 0.14666666666666667
4 0.7166666666666667 0.47 0.16916666666666666 0.14833333333333334
5 0.7033333333333334 0.31083333333333335 0.18833333333333332 0.155
4 0.6908333333333333 0.11166666666666666 0.23083333333333333 0.22333333333333333
4 0.29 0.10916666666666666 0.20916666666666667 0.19583333333333333
4 0.2825 0.31416666666666665 0.2125 0.20333333333333334
4 0.25916666666666666 0.5158333333333334 0.16416666666666666 0.1625
5 0.3075 0.67 0.16916666666666666 0.18916666666666668
4 0.27166666666666667 0.8158333333333333 0.17916666666666667 0.155
5 0.2825 0.9316666666666666 0.15833333333333333 0.07833333333333334