0 0.865 0.43666666666666665 0.24333333333333335 0.2925
0 0.7558333333333334 0.2125 0.23916666666666667 0.26166666666666666
0 0.6408333333333334 0.45916666666666667 0.2325 0.2825
0 0.5041666666666667 0.2125 0.25 0.2966666666666667
0 0.14333333333333334 0.24916666666666668 0.22333333333333333 0.2808333333333333
0 0.29 0.7158333333333333 0.2608333333333333 0.2825
0 0.5075 0.8658333333333333 0.2808333333333333 0.23916666666666667
0 0.7341666666666666 0.8908333333333334 0.23916666666666667 0.20916666666666667
0 0.9158333333333334 0.92 0.16833333333333333 0.16
0 0.8566666666666667 0.6516666666666666 0.2225 0.2733333333333333
0 0.1725 0.4675 0.19666666666666666 0.1875