0 0.37 0.6983333333333334 0.2875 0.28833333333333333
0 0.43083333333333335 0.5716666666666667 0.19916666666666666 0.155
0 0.30333333333333334 0.5175 0.13583333333333333 0.1225
0 0.23916666666666667 0.8875 0.16833333333333333 0.16
0 0.15166666666666667 0.9291666666666667 0.1225 0.12416666666666666
0 0.07 0.8933333333333333 0.13916666666666666 0.1875
5 0.6516666666666666 0.5325 0.15 0.13333333333333333
5 0.11333333333333333 0.7025 0.09666666666666666 0.09583333333333334
5 0.035 0.7275 0.07 0.10166666666666667
5 0.24333333333333335 0.3625 0.08083333333333333 0.075
5 0.1425 0.33666666666666667 0.07833333333333334 0.07083333333333333
5 0.12916666666666668 0.39166666666666666 0.0525 0.05416666666666667
5 0.085 0.38916666666666666 0.0625 0.06916666666666667
5 0.10083333333333333 0.4633333333333333 0.06416666666666666 0.05416666666666667
5 0.10666666666666667 0.5141666666666667 0.05333333333333334 0.04666666666666667
0 0.13833333333333334 0.5633333333333334 0.06 0.05333333333333334
5 0.06333333333333334 0.5725 0.06666666666666667 0.06416666666666666
5 0.9225 0.44083333333333335 0.08666666666666667 0.08583333333333333
5 0.6283333333333333 0.4091666666666667 0.06916666666666667 0.07333333333333333
5 0.915 0.9508333333333333 0.09083333333333334 0.06416666666666666
5 0.7125 0.8291666666666667 0.06666666666666667 0.0725