5 0.8516666666666667 0.7683333333333333 0.11833333333333333 0.13916666666666666
0 0.9291666666666667 0.5983333333333334 0.12416666666666666 0.12666666666666668
0 0.5275 0.655 0.2325 0.25333333333333335
0 0.4008333333333333 0.43333333333333335 0.23333333333333334 0.25333333333333335
0 0.28833333333333333 0.18666666666666668 0.135 0.1475
0 0.6275 0.2625 0.1075 0.15833333333333333
0 0.7241666666666666 0.20833333333333334 0.12 0.13833333333333334
0 0.87 0.27416666666666667 0.135 0.10666666666666667
0 0.8066666666666666 0.6091666666666666 0.09083333333333334 0.10416666666666667
0 0.5933333333333334 0.48 0.07333333333333333 0.1075
5 0.14833333333333334 0.3641666666666667 0.0925 0.085
5 0.3358333333333333 0.8508333333333333 0.12916666666666668 0.14416666666666667
5 0.7291666666666666 0.9075 0.07583333333333334 0.08333333333333333
5 0.6708333333333333 0.9416666666666667 0.09666666666666666 0.09
5 0.06 0.3308333333333333 0.06666666666666667 0.06583333333333333
5 0.05416666666666667 0.09083333333333334 0.1075 0.16166666666666665