0 0.6291666666666667 0.5133333333333333 0.37 0.38916666666666666
0 0.17 0.7083333333333334 0.33916666666666667 0.36083333333333334
0 0.051666666666666666 0.2125 0.10333333333333333 0.17166666666666666
0 0.13833333333333334 0.19583333333333333 0.155 0.18833333333333332
0 0.1075 0.04666666666666667 0.16833333333333333 0.09333333333333334
5 0.8933333333333333 0.30416666666666664 0.12 0.13333333333333333
5 0.885 0.6225 0.12833333333333333 0.1375
5 0.8391666666666666 0.73 0.1375 0.1575
5 0.7141666666666666 0.7216666666666667 0.105 0.13416666666666666
5 0.6383333333333333 0.7258333333333333 0.095 0.10666666666666667
5 0.43833333333333335 0.6408333333333334 0.11416666666666667 0.12
5 0.7533333333333333 0.24333333333333335 0.1175 0.1325
0 0.6691666666666667 0.2725 0.13916666666666666 0.15166666666666667
0 0.4875 0.22166666666666668 0.09666666666666666 0.0975
5 0.4058333333333333 0.09333333333333334 0.09166666666666666 0.0775
0 0.43833333333333335 0.1775 0.08166666666666667 0.08333333333333333
5 0.315 0.5933333333333334 0.055 0.058333333333333334
5 0.5316666666666666 0.8558333333333333 0.0875 0.10083333333333333
5 0.4483333333333333 0.9333333333333333 0.09333333333333334 0.10666666666666667
0 0.35 0.975 0.1025 0.041666666666666664
5 0.3283333333333333 0.8325 0.0925 0.09666666666666666
5 0.7316666666666667 0.84 0.12 0.10333333333333333
5 0.7591666666666667 0.9308333333333333 0.11 0.10833333333333334
0 0.7116666666666667 0.975 0.13583333333333333 0.04083333333333333