0 0.5058333333333334 0.515 0.28 0.3383333333333333
0 0.08916666666666667 0.13583333333333333 0.17833333333333334 0.27166666666666667
5 0.2225 0.6575 0.06416666666666666 0.07666666666666666
5 0.24166666666666667 0.825 0.0725 0.06916666666666667
5 0.23333333333333334 0.8875 0.05583333333333333 0.05333333333333334
5 0.09916666666666667 0.7016666666666667 0.07583333333333334 0.09416666666666666
5 0.14166666666666666 0.65 0.055 0.0675
5 0.48583333333333334 0.15333333333333332 0.07 0.07666666666666666
5 0.77 0.029166666666666667 0.08 0.058333333333333334
5 0.6083333333333333 0.09 0.04416666666666667 0.0625
5 0.11833333333333333 0.3925 0.05333333333333334 0.06166666666666667
5 0.1625 0.48833333333333334 0.07 0.06916666666666667
5 0.10833333333333334 0.35083333333333333 0.050833333333333335 0.0525
5 0.9675 0.43416666666666665 0.06416666666666666 0.09083333333333334
5 0.8033333333333333 0.345 0.07083333333333333 0.0625
5 0.7925 0.2925 0.06166666666666667 0.055
5 0.7616666666666667 0.26416666666666666 0.055 0.055
5 0.74 0.35583333333333333 0.0525 0.05416666666666667
5 0.705 0.4483333333333333 0.05583333333333333 0.075
5 0.5633333333333334 0.023333333333333334 0.05333333333333334 0.04666666666666667
5 0.8458333333333333 0.8666666666666667 0.06416666666666666 0.07666666666666666
5 0.8133333333333334 0.9175 0.058333333333333334 0.04833333333333333
5 0.7925 0.9025 0.04083333333333333 0.0425
5 0.7608333333333334 0.54 0.05583333333333333 0.051666666666666666
5 0.6875 0.5516666666666666 0.03916666666666667 0.045
5 0.0325 0.6825 0.043333333333333335 0.0625
0 0.9725 0.8466666666666667 0.05416666666666667 0.08416666666666667