5 0.5125 0.52 0.27416666666666667 0.305
5 0.20416666666666666 0.3075 0.15916666666666668 0.1775
5 0.14 0.19916666666666666 0.11833333333333333 0.12833333333333333
5 0.2775 0.07583333333333334 0.10083333333333333 0.1225
5 0.3283333333333333 0.6116666666666667 0.12583333333333332 0.14583333333333334
5 0.7008333333333333 0.8233333333333334 0.15916666666666668 0.16583333333333333
5 0.5216666666666666 0.9458333333333333 0.185 0.10416666666666667
5 0.23333333333333334 0.92 0.085 0.09333333333333334
5 0.16916666666666666 0.8475 0.11 0.10083333333333333
5 0.05416666666666667 0.8358333333333333 0.08083333333333333 0.08416666666666667
5 0.045 0.37583333333333335 0.07833333333333334 0.08083333333333333
5 0.8541666666666666 0.5258333333333334 0.11666666666666667 0.115
5 0.6716666666666666 0.5875 0.10916666666666666 0.1175
5 0.030833333333333334 0.5908333333333333 0.06166666666666667 0.10833333333333334
5 0.23416666666666666 0.5483333333333333 0.07333333333333333 0.075
5 0.3875 0.8466666666666667 0.07416666666666667 0.07333333333333333
5 0.49583333333333335 0.7483333333333333 0.07083333333333333 0.07833333333333334
5 0.605 0.8683333333333333 0.07333333333333333 0.08583333333333333
5 0.7616666666666667 0.6375 0.07333333333333333 0.06916666666666667
5 0.5616666666666666 0.25166666666666665 0.07 0.06916666666666667
5 0.2475 0.8241666666666667 0.0425 0.04666666666666667
5 0.30916666666666665 0.9358333333333333 0.0775 0.06333333333333334