0 0.3775 0.5308333333333334 0.3933333333333333 0.3975
0 0.5308333333333334 0.19416666666666665 0.37416666666666665 0.3883333333333333
0 0.6775 0.3858333333333333 0.335 0.33666666666666667
0 0.525 0.7533333333333333 0.3283333333333333 0.3383333333333333
0 0.1975 0.78 0.33416666666666667 0.37
0 0.13833333333333334 0.06416666666666666 0.2725 0.1275
0 0.9091666666666667 0.395 0.17666666666666667 0.2725
0 0.7458333333333333 0.5441666666666667 0.2733333333333333 0.21416666666666667
0 0.3725 0.91 0.2658333333333333 0.1475
0 0.25333333333333335 0.3616666666666667 0.2733333333333333 0.2808333333333333
5 0.31833333333333336 0.1075 0.23166666666666666 0.215