0 0.4816666666666667 0.39666666666666667 0.18583333333333332 0.26
5 0.275 0.8275 0.3975 0.3425
5 0.7875 0.18583333333333332 0.09083333333333334 0.0825
5 0.73 0.35083333333333333 0.095 0.11833333333333333
5 0.7183333333333334 0.495 0.14 0.14333333333333334
5 0.575 0.5441666666666667 0.12583333333333332 0.13666666666666666
5 0.8025 0.6391666666666667 0.15 0.14166666666666666
5 0.8483333333333334 0.5775 0.12833333333333333 0.11583333333333333
5 0.665 0.6175 0.10916666666666666 0.09166666666666666
5 0.6683333333333333 0.7691666666666667 0.13333333333333333 0.1475
5 0.7983333333333333 0.755 0.1225 0.13333333333333333
5 0.9108333333333334 0.8233333333333334 0.11666666666666667 0.13583333333333333
5 0.6875 0.6891666666666667 0.09666666666666666 0.07
0 0.7091666666666666 0.9141666666666667 0.20583333333333334 0.1625