0 0.5008333333333334 0.5091666666666667 0.16166666666666665 0.17916666666666667
0 0.285 0.6141666666666666 0.17083333333333334 0.1875
0 0.14833333333333334 0.8975 0.24333333333333335 0.19416666666666665
5 0.6033333333333334 0.8908333333333334 0.115 0.1275
0 0.6533333333333333 0.83 0.09916666666666667 0.11166666666666666
5 0.24083333333333334 0.060833333333333336 0.12666666666666668 0.12083333333333333
0 0.25333333333333335 0.24333333333333335 0.0875 0.09666666666666666
0 0.2708333333333333 0.3458333333333333 0.06583333333333333 0.09
0 0.21666666666666667 0.35583333333333333 0.07333333333333333 0.10333333333333333
5 0.6258333333333334 0.4066666666666667 0.06166666666666667 0.06666666666666667
5 0.62 0.5683333333333334 0.06416666666666666 0.08333333333333333
5 0.5966666666666667 0.6225 0.056666666666666664 0.07083333333333333
5 0.5416666666666666 0.62 0.055 0.08083333333333333
5 0.49916666666666665 0.6233333333333333 0.04416666666666667 0.0625
5 0.4141666666666667 0.5775 0.056666666666666664 0.059166666666666666
5 0.6075 0.21916666666666668 0.051666666666666666 0.06583333333333333
5 0.5608333333333333 0.37833333333333335 0.05416666666666667 0.08
5 0.52 0.385 0.06583333333333333 0.075
5 0.4375 0.36666666666666664 0.04833333333333333 0.060833333333333336
5 0.3958333333333333 0.7766666666666666 0.0525 0.050833333333333335
5 0.3616666666666667 0.7633333333333333 0.051666666666666666 0.059166666666666666