1 0.49083333333333334 0.12 0.1475 0.1625
1 0.4216666666666667 0.43083333333333335 0.145 0.18166666666666667
1 0.12583333333333332 0.45666666666666667 0.13666666666666666 0.16416666666666666
1 0.5283333333333333 0.5325 0.14833333333333334 0.16833333333333333
1 0.6508333333333334 0.565 0.14 0.17416666666666666
1 0.6441666666666667 0.4191666666666667 0.135 0.16583333333333333
1 0.7766666666666666 0.36 0.15583333333333332 0.17833333333333334
1 0.8175 0.22166666666666668 0.10833333333333334 0.1625
1 0.9391666666666667 0.13333333333333333 0.12166666666666667 0.1475
1 0.9275 0.2916666666666667 0.1425 0.17083333333333334
1 0.7041666666666667 0.24333333333333335 0.09416666666666666 0.14
1 0.7441666666666666 0.09166666666666666 0.11583333333333333 0.15666666666666668
1 0.8366666666666667 0.07 0.13083333333333333 0.13916666666666666
1 0.9033333333333333 0.035 0.1 0.07
1 0.6016666666666667 0.060833333333333336 0.13 0.11416666666666667
1 0.6258333333333334 0.15166666666666667 0.1275 0.12916666666666668
1 0.57 0.22 0.0825 0.1475
1 0.51 0.23416666666666666 0.09833333333333333 0.14416666666666667
1 0.2625 0.18833333333333332 0.125 0.14166666666666666
1 0.31 0.3175 0.11 0.11833333333333333
1 0.19 0.3283333333333333 0.14 0.18
1 0.29583333333333334 0.43333333333333335 0.12583333333333332 0.15666666666666668
1 0.2375 0.5591666666666667 0.15416666666666667 0.18666666666666668
1 0.2708333333333333 0.7225 0.15416666666666667 0.18333333333333332
1 0.375 0.5775 0.13916666666666666 0.1375
1 0.4083333333333333 0.7125 0.12833333333333333 0.16833333333333333
1 0.49416666666666664 0.8391666666666666 0.15083333333333335 0.18166666666666667
1 0.655 0.93 0.15583333333333332 0.1275
1 0.3466666666666667 0.8875 0.1575 0.1825
1 0.13333333333333333 0.6933333333333334 0.14166666666666666 0.19
1 0.0675 0.5608333333333333 0.135 0.16166666666666665
1 0.8166666666666667 0.49 0.14583333333333334 0.1775
1 0.345 0.055 0.12583333333333332 0.10916666666666666
1 0.2725 0.09583333333333334 0.09333333333333334 0.11416666666666667
1 0.9383333333333334 0.8225 0.12333333333333334 0.23583333333333334
1 0.8233333333333334 0.7041666666666667 0.18666666666666668 0.2325
1 0.65 0.7541666666666667 0.16833333333333333 0.20833333333333334
1 0.08166666666666667 0.9183333333333333 0.16333333333333333 0.16
1 0.19916666666666666 0.8783333333333333 0.14083333333333334 0.1875
1 0.035 0.7483333333333333 0.07 0.16333333333333333
1 0.041666666666666664 0.3425 0.08333333333333333 0.155
1 0.05416666666666667 0.45 0.1075 0.14166666666666666
1 0.14 0.035 0.15 0.07
1 0.18083333333333335 0.15166666666666667 0.11916666666666667 0.16
1 0.9166666666666666 0.5341666666666667 0.16666666666666666 0.20833333333333334
1 0.7783333333333333 0.9025 0.1325 0.17
1 0.07083333333333333 0.18833333333333332 0.1175 0.1825