5 0.5516666666666666 0.38166666666666665 0.17083333333333334 0.21166666666666667
5 0.6358333333333334 0.28833333333333333 0.13833333333333334 0.1575
5 0.7241666666666666 0.5958333333333333 0.13916666666666666 0.15583333333333332
5 0.6216666666666667 0.71 0.12916666666666668 0.13583333333333333
5 0.34 0.7983333333333333 0.15916666666666668 0.16833333333333333
5 0.2975 0.635 0.15916666666666668 0.175
5 0.40166666666666667 0.5341666666666667 0.06166666666666667 0.06666666666666667
5 0.34 0.52 0.056666666666666664 0.06
5 0.9166666666666666 0.0625 0.16 0.125
5 0.8791666666666667 0.9608333333333333 0.08083333333333333 0.07666666666666666
5 0.8333333333333334 0.7625 0.045 0.05
5 0.1875 0.8833333333333333 0.050833333333333335 0.05333333333333334
5 0.41 0.9383333333333334 0.05416666666666667 0.0525
5 0.3641666666666667 0.9541666666666667 0.05583333333333333 0.06916666666666667
5 0.58 0.8041666666666667 0.04083333333333333 0.050833333333333335
5 0.1825 0.18166666666666667 0.0825 0.08083333333333333
5 0.1575 0.24583333333333332 0.06 0.0675
5 0.47583333333333333 0.30083333333333334 0.05416666666666667 0.04666666666666667
5 0.9275 0.7566666666666667 0.04 0.05416666666666667
5 0.9008333333333334 0.7675 0.029166666666666667 0.05416666666666667
5 0.8375 0.6741666666666667 0.03916666666666667 0.04416666666666667
5 0.8025 0.5425 0.05 0.056666666666666664