5 0.8808333333333334 0.6966666666666667 0.12416666666666666 0.14333333333333334
5 0.8091666666666667 0.8066666666666666 0.11 0.13416666666666666
5 0.865 0.8516666666666667 0.09583333333333334 0.11
5 0.9725 0.9625 0.05416666666666667 0.065
5 0.1175 0.24416666666666667 0.08583333333333333 0.10666666666666667
5 0.041666666666666664 0.22583333333333333 0.08333333333333333 0.09833333333333333
5 0.03333333333333333 0.030833333333333334 0.06583333333333333 0.060833333333333336
5 0.3725 0.15166666666666667 0.12166666666666667 0.13916666666666666
5 0.5016666666666667 0.22916666666666666 0.09916666666666667 0.10416666666666667
5 0.8083333333333333 0.365 0.11666666666666667 0.11833333333333333
5 0.9333333333333333 0.31166666666666665 0.11 0.09666666666666666
5 0.5166666666666667 0.7283333333333334 0.09833333333333333 0.105
5 0.5708333333333333 0.6083333333333333 0.09416666666666666 0.11916666666666667
5 0.35083333333333333 0.6091666666666666 0.12416666666666666 0.1125
5 0.42583333333333334 0.5433333333333333 0.08666666666666667 0.09083333333333334
5 0.09916666666666667 0.49166666666666664 0.06583333333333333 0.08166666666666667
5 0.018333333333333333 0.4816666666666667 0.03666666666666667 0.1
5 0.5025 0.6641666666666667 0.0825 0.06916666666666667
5 0.37916666666666665 0.8508333333333333 0.09083333333333334 0.08833333333333333
5 0.37583333333333335 0.75 0.08166666666666667 0.0775
5 0.3375 0.7933333333333333 0.07083333333333333 0.07833333333333334
5 0.4025 0.8983333333333333 0.05416666666666667 0.06416666666666666
5 0.36 0.9191666666666667 0.050833333333333335 0.065