5 0.6408333333333334 0.5683333333333334 0.0725 0.085
5 0.8983333333333333 0.6308333333333334 0.07666666666666666 0.08333333333333333
5 0.9591666666666666 0.665 0.06333333333333334 0.07583333333333334
5 0.9383333333333334 0.275 0.09666666666666666 0.08416666666666667
5 0.9391666666666667 0.35333333333333333 0.10333333333333333 0.07833333333333334
5 0.7758333333333334 0.30583333333333335 0.06916666666666667 0.059166666666666666
5 0.6541666666666667 0.13583333333333333 0.10166666666666667 0.115
5 0.43416666666666665 0.30666666666666664 0.05 0.06166666666666667
5 0.3925 0.3016666666666667 0.056666666666666664 0.06416666666666666
5 0.35 0.31333333333333335 0.056666666666666664 0.060833333333333336
5 0.3408333333333333 0.16083333333333333 0.05416666666666667 0.06166666666666667
5 0.2833333333333333 0.16333333333333333 0.050833333333333335 0.059166666666666666
5 0.26416666666666666 0.195 0.045 0.04833333333333333
5 0.23 0.1375 0.056666666666666664 0.055
5 0.17833333333333334 0.10416666666666667 0.07166666666666667 0.06333333333333334
5 0.14583333333333334 0.39666666666666667 0.06583333333333333 0.0775
5 0.1925 0.615 0.056666666666666664 0.07
5 0.17916666666666667 0.6808333333333333 0.065 0.07416666666666667
5 0.12416666666666666 0.635 0.07166666666666667 0.055
5 0.22 0.7466666666666667 0.05416666666666667 0.06583333333333333
5 0.24833333333333332 0.795 0.05333333333333334 0.051666666666666666
5 0.19083333333333333 0.8308333333333333 0.051666666666666666 0.06
5 0.14166666666666666 0.8583333333333333 0.049166666666666664 0.060833333333333336
5 0.09666666666666666 0.7933333333333333 0.056666666666666664 0.058333333333333334
5 0.08833333333333333 0.9058333333333334 0.06 0.06666666666666667
5 0.13083333333333333 0.9491666666666667 0.06416666666666666 0.0625
5 0.6158333333333333 0.74 0.0825 0.07333333333333333
5 0.5333333333333333 0.7466666666666667 0.058333333333333334 0.050833333333333335
5 0.515 0.5875 0.060833333333333336 0.049166666666666664
5 0.48333333333333334 0.5441666666666667 0.055 0.050833333333333335
5 0.35833333333333334 0.4558333333333333 0.06 0.060833333333333336
5 0.365 0.4116666666666667 0.051666666666666666 0.06166666666666667
5 0.4083333333333333 0.4091666666666667 0.05 0.056666666666666664