5 0.12583333333333332 0.25333333333333335 0.13916666666666666 0.11916666666666667
5 0.16166666666666665 0.15416666666666667 0.1075 0.0975
5 0.44916666666666666 0.034166666666666665 0.105 0.06833333333333333
5 0.7816666666666666 0.25333333333333335 0.1875 0.1675
5 0.8975 0.73 0.1875 0.19
5 0.8691666666666666 0.5516666666666666 0.14166666666666666 0.175
5 0.7033333333333334 0.615 0.15166666666666667 0.14
5 0.6916666666666667 0.7808333333333334 0.10916666666666666 0.13333333333333333
5 0.3358333333333333 0.6875 0.13666666666666666 0.125
5 0.39916666666666667 0.6391666666666667 0.06666666666666667 0.058333333333333334
5 0.5091666666666667 0.6925 0.07666666666666666 0.065
5 0.5191666666666667 0.8433333333333334 0.11916666666666667 0.12166666666666667
5 0.23333333333333334 0.95 0.12583333333333332 0.0975
5 0.21916666666666668 0.865 0.0975 0.08833333333333333
5 0.16416666666666666 0.85 0.041666666666666664 0.060833333333333336
5 0.11833333333333333 0.8608333333333333 0.058333333333333334 0.08
5 0.6908333333333333 0.9208333333333333 0.145 0.14416666666666667
5 0.8333333333333334 0.9208333333333333 0.15083333333333335 0.14416666666666667
5 0.8108333333333333 0.7941666666666667 0.12166666666666667 0.12916666666666668
5 0.805 0.08666666666666667 0.12 0.105
5 0.9375 0.32 0.125 0.17666666666666667
5 0.6816666666666666 0.42333333333333334 0.06 0.06333333333333334
5 0.4925 0.37583333333333335 0.05333333333333334 0.0625
5 0.39 0.27666666666666667 0.060833333333333336 0.058333333333333334
5 0.6166666666666667 0.33 0.06333333333333334 0.0625
5 0.5783333333333334 0.26166666666666666 0.0725 0.07
5 0.029166666666666667 0.325 0.058333333333333334 0.07333333333333333