5 0.5025 0.30666666666666664 0.155 0.18833333333333332
5 0.5816666666666667 0.23 0.12666666666666668 0.14333333333333334
5 0.8333333333333334 0.04416666666666667 0.16833333333333333 0.08833333333333333
5 0.9333333333333333 0.059166666666666666 0.095 0.1175
5 0.66 0.5225 0.1275 0.15
5 0.5641666666666667 0.6291666666666667 0.1325 0.1375
5 0.30083333333333334 0.6916666666666667 0.14416666666666667 0.15416666666666667
5 0.2658333333333333 0.535 0.14583333333333334 0.165
5 0.8075 0.8983333333333333 0.07166666666666667 0.07583333333333334
5 0.36083333333333334 0.4866666666666667 0.04666666666666667 0.060833333333333336
5 0.3458333333333333 0.5241666666666667 0.035833333333333335 0.04083333333333333
5 0.855 0.735 0.05583333333333333 0.06
5 0.7733333333333333 0.7433333333333333 0.04833333333333333 0.04666666666666667
5 0.14583333333333334 0.835 0.06166666666666667 0.05333333333333334
5 0.18 0.7858333333333334 0.04416666666666667 0.045
5 0.14833333333333334 0.7275 0.050833333333333335 0.04833333333333333
5 0.5241666666666667 0.7708333333333334 0.05 0.04416666666666667
5 0.3575 0.9008333333333334 0.049166666666666664 0.05
5 0.32 0.9091666666666667 0.04416666666666667 0.050833333333333335
5 0.2783333333333333 0.9441666666666667 0.06166666666666667 0.05416666666666667
5 0.6541666666666667 0.6725 0.043333333333333335 0.0425