5 0.4691666666666667 0.5233333333333333 0.32416666666666666 0.36583333333333334
5 0.37666666666666665 0.7383333333333333 0.2916666666666667 0.3025
5 0.5383333333333333 0.745 0.09416666666666666 0.12333333333333334
5 0.9491666666666667 0.7866666666666666 0.09916666666666667 0.12
5 0.8016666666666666 0.6658333333333334 0.1025 0.09666666666666666
5 0.7316666666666667 0.8475 0.095 0.10916666666666666
5 0.6458333333333334 0.87 0.07333333333333333 0.10166666666666667
5 0.7025 0.9283333333333333 0.0875 0.10583333333333333
5 0.7291666666666666 0.9616666666666667 0.09416666666666666 0.07083333333333333
5 0.6716666666666666 0.25 0.06 0.08
5 0.7025 0.2075 0.060833333333333336 0.06166666666666667
5 0.8033333333333333 0.165 0.07333333333333333 0.07833333333333334
5 0.865 0.24083333333333334 0.045 0.059166666666666666
5 0.7091666666666666 0.08166666666666667 0.0625 0.075
5 0.6516666666666666 0.06416666666666666 0.0775 0.07583333333333334
5 0.6441666666666667 0.1225 0.059166666666666666 0.07083333333333333
5 0.0775 0.2725 0.07416666666666667 0.08083333333333333
5 0.06916666666666667 0.36583333333333334 0.06333333333333334 0.07416666666666667
5 0.07833333333333334 0.425 0.051666666666666666 0.0425
5 0.105 0.45 0.04 0.03916666666666667
5 0.11166666666666666 0.42 0.03166666666666667 0.03916666666666667
5 0.675 0.7575 0.049166666666666664 0.058333333333333334
5 0.6533333333333333 0.7758333333333334 0.023333333333333334 0.04583333333333333