5 0.7883333333333333 0.6933333333333334 0.11583333333333333 0.13666666666666666
5 0.6391666666666667 0.7383333333333333 0.13416666666666666 0.1475
5 0.8275 0.9441666666666667 0.08333333333333333 0.09166666666666666
5 0.7466666666666667 0.9375 0.09166666666666666 0.10416666666666667
5 0.8716666666666667 0.07666666666666666 0.07 0.11333333333333333
5 0.7883333333333333 0.0725 0.10666666666666667 0.13833333333333334
5 0.7008333333333333 0.030833333333333334 0.13166666666666665 0.06166666666666667
5 0.83 0.205 0.10333333333333333 0.12
5 0.5416666666666666 0.6433333333333333 0.06666666666666667 0.0875
5 0.6408333333333334 0.6433333333333333 0.0725 0.06666666666666667
5 0.7291666666666666 0.6308333333333334 0.055 0.05583333333333333
5 0.45916666666666667 0.33416666666666667 0.051666666666666666 0.07333333333333333
5 0.4041666666666667 0.16833333333333333 0.11583333333333333 0.1125
5 0.13333333333333333 0.35583333333333333 0.07416666666666667 0.10083333333333333