5 0.5741666666666667 0.7883333333333333 0.09333333333333334 0.105
5 0.5658333333333333 0.8558333333333333 0.08833333333333333 0.0675
5 0.495 0.7341666666666666 0.0925 0.115
5 0.58 0.7025 0.08 0.10666666666666667
5 0.7441666666666666 0.6325 0.08333333333333333 0.1025
5 0.6925 0.675 0.045 0.056666666666666664
5 0.6983333333333334 0.6091666666666666 0.03333333333333333 0.03333333333333333
5 0.645 0.6525 0.0375 0.043333333333333335
5 0.6616666666666666 0.5083333333333333 0.0775 0.09916666666666667
5 0.7016666666666667 0.4925 0.0625 0.07
5 0.7858333333333334 0.5116666666666667 0.0625 0.06
5 0.4266666666666667 0.6383333333333333 0.06416666666666666 0.07416666666666667
5 0.34833333333333333 0.5983333333333334 0.10583333333333333 0.11
5 0.34 0.47833333333333333 0.09833333333333333 0.10166666666666667
5 0.03 0.6091666666666666 0.06 0.10833333333333334
5 0.02 0.7108333333333333 0.04 0.10833333333333334
5 0.023333333333333334 0.4683333333333333 0.04666666666666667 0.0625
5 0.09583333333333334 0.375 0.08083333333333333 0.08166666666666667
5 0.19416666666666665 0.37666666666666665 0.08 0.08333333333333333
5 0.5275 0.03916666666666667 0.0675 0.0775
5 0.5691666666666667 0.023333333333333334 0.045 0.04666666666666667
5 0.39166666666666666 0.06416666666666666 0.03166666666666667 0.0425
5 0.35333333333333333 0.055 0.03916666666666667 0.04666666666666667
5 0.11916666666666667 0.24583333333333332 0.04583333333333333 0.049166666666666664
5 0.31333333333333335 0.2658333333333333 0.04583333333333333 0.045
5 0.1525 0.515 0.07 0.07333333333333333
5 0.6016666666666667 0.145 0.03833333333333333 0.051666666666666666
5 0.6308333333333334 0.22583333333333333 0.0725 0.07333333333333333
5 0.5725 0.2683333333333333 0.03166666666666667 0.03
5 0.545 0.26666666666666666 0.04 0.06666666666666667