7 0.3425 0.4166666666666667 0.26166666666666666 0.2125
7 0.2683333333333333 0.17416666666666666 0.2275 0.1875
7 0.19333333333333333 0.7283333333333334 0.23916666666666667 0.17666666666666667
7 0.2758333333333333 0.5591666666666667 0.23583333333333334 0.17416666666666666
7 0.41333333333333333 0.3441666666666667 0.20333333333333334 0.145
7 0.6925 0.19 0.2658333333333333 0.1825
7 0.835 0.3225 0.32666666666666666 0.25
7 0.6583333333333333 0.55 0.3308333333333333 0.25166666666666665
7 0.46166666666666667 0.5266666666666666 0.16666666666666666 0.165
7 0.08916666666666667 0.3258333333333333 0.135 0.0975
7 0.5066666666666667 0.25 0.22083333333333333 0.13
7 0.365 0.23583333333333334 0.11833333333333333 0.105