0 0.12941176470588237 0.2529411764705882 0.18352941176470589 0.2447058823529412
0 0.3776470588235294 0.2788235294117647 0.21352941176470588 0.25470588235294117
0 0.26294117647058823 0.15941176470588236 0.21235294117647058 0.12588235294117647
0 0.5605882352941176 0.2564705882352941 0.19 0.24294117647058824
0 0.6958823529411765 0.1564705882352941 0.18235294117647058 0.12294117647058823
0 0.7794117647058824 0.2852941176470588 0.19470588235294117 0.22647058823529412
0 0.9323529411764706 0.22647058823529412 0.07294117647058823 0.2488235294117647
0 0.9352941176470588 0.8158823529411765 0.06411764705882353 0.2235294117647059
0 0.7752941176470588 0.8094117647058824 0.1811764705882353 0.2576470588235294
0 0.5576470588235294 0.8158823529411765 0.22647058823529412 0.29470588235294115
0 0.3305882352941176 0.8052941176470588 0.20588235294117646 0.28294117647058825