0 0.07588235294117647 0.16470588235294117 0.15176470588235294 0.13941176470588235
0 0.1535294117647059 0.2817647058823529 0.19705882352941176 0.24588235294117647
0 0.34294117647058825 0.24058823529411766 0.1811764705882353 0.2388235294117647
0 0.4788235294117647 0.15411764705882353 0.1811764705882353 0.1188235294117647
0 0.5647058823529412 0.27647058823529413 0.18705882352941178 0.24176470588235294
1 0.7817647058823529 0.26588235294117646 0.21235294117647058 0.2741176470588235
1 0.9329411764705883 0.26823529411764707 0.06764705882352941 0.2576470588235294
0 0.7758823529411765 0.8182352941176471 0.16470588235294117 0.2223529411764706
0 0.5564705882352942 0.8164705882352942 0.1935294117647059 0.2576470588235294
0 0.33 0.8076470588235294 0.2288235294117647 0.2994117647058824
0 0.11941176470588236 0.7994117647058824 0.18823529411764706 0.28294117647058825