0 0.10352941176470588 0.29 0.19588235294117648 0.1988235294117647
0 0.3170588235294118 0.2782352941176471 0.21588235294117647 0.21
1 0.5176470588235295 0.2576470588235294 0.15470588235294117 0.16058823529411764
1 0.6717647058823529 0.3 0.17352941176470588 0.17352941176470588
0 0.8152941176470588 0.26705882352941174 0.1564705882352941 0.1476470588235294
0 0.9294117647058824 0.2782352941176471 0.07823529411764706 0.15058823529411763
1 0.11235294117647059 0.7 0.1988235294117647 0.1988235294117647
1 0.3123529411764706 0.6982352941176471 0.1676470588235294 0.17176470588235293
1 0.4752941176470588 0.7064705882352941 0.14941176470588236 0.17176470588235293
1 0.7694117647058824 0.6911764705882353 0.14352941176470588 0.14058823529411765
0 0.6258823529411764 0.7 0.15764705882352942 0.1564705882352941