1 0.11352941176470588 0.30176470588235293 0.20176470588235293 0.1976470588235294
1 0.3176470588235294 0.3 0.17176470588235293 0.17352941176470588
1 0.4723529411764706 0.28647058823529414 0.16647058823529412 0.16058823529411764
0 0.6264705882352941 0.29823529411764704 0.15058823529411763 0.18176470588235294
1 0.7747058823529411 0.3111764705882353 0.15470588235294117 0.16176470588235295
1 0.10588235294117647 0.7094117647058824 0.19470588235294117 0.20294117647058824
1 0.31823529411764706 0.7247058823529412 0.2188235294117647 0.21588235294117647
1 0.5176470588235295 0.7394117647058823 0.16058823529411764 0.1635294117647059
1 0.6741176470588235 0.6894117647058824 0.18058823529411766 0.15470588235294117
0 0.8194117647058824 0.7305882352941176 0.1476470588235294 0.15764705882352942
1 0.9294117647058824 0.7188235294117648 0.07235294117647059 0.1588235294117647