1 0.11058823529411765 0.23647058823529413 0.1923529411764706 0.26529411764705885
0 0.3176470588235294 0.23058823529411765 0.17352941176470588 0.23588235294117646
1 0.47 0.21941176470588236 0.16117647058823528 0.2252941176470588
1 0.6235294117647059 0.23294117647058823 0.15705882352941178 0.2252941176470588
1 0.7694117647058824 0.2447058823529412 0.13705882352941176 0.22823529411764706
1 0.10647058823529412 0.7817647058823529 0.19117647058823528 0.26823529411764707
0 0.3170588235294118 0.7952941176470588 0.2088235294117647 0.2917647058823529
0 0.5135294117647059 0.8188235294117647 0.15588235294117647 0.2447058823529412
1 0.6735294117647059 0.7676470588235295 0.1923529411764706 0.23705882352941177
0 0.8170588235294117 0.8123529411764706 0.15705882352941178 0.2311764705882353
1 0.9270588235294117 0.7911764705882353 0.08529411764705883 0.21058823529411766