1 0.2923529411764706 0.10588235294117647 0.1988235294117647 0.19470588235294117
1 0.28 0.31588235294117645 0.21588235294117647 0.21470588235294116
1 0.26 0.5129411764705882 0.17352941176470588 0.1564705882352941
1 0.3070588235294118 0.6705882352941176 0.17882352941176471 0.18176470588235294
0 0.26705882352941174 0.8152941176470588 0.1676470588235294 0.1564705882352941
1 0.28352941176470586 0.9270588235294117 0.15470588235294117 0.07823529411764706
1 0.6976470588235294 0.7711764705882352 0.17058823529411765 0.14176470588235293
0 0.7047058823529412 0.6294117647058823 0.17058823529411765 0.1535294117647059
1 0.7194117647058823 0.4758823529411765 0.17176470588235293 0.1588235294117647
1 0.7052941176470588 0.31529411764705884 0.17470588235294118 0.16176470588235295
1 0.6964705882352941 0.11176470588235295 0.2 0.19176470588235295