1 0.10647058823529412 0.2923529411764706 0.1988235294117647 0.18470588235294116
1 0.31882352941176473 0.27647058823529413 0.20588235294117646 0.1976470588235294
1 0.5164705882352941 0.25823529411764706 0.15176470588235294 0.16470588235294117
1 0.67 0.30176470588235293 0.17470588235294118 0.1635294117647059
0 0.8170588235294117 0.26588235294117646 0.1564705882352941 0.15058823529411763
1 0.9311764705882353 0.27941176470588236 0.06941176470588235 0.14941176470588236
1 0.768235294117647 0.6947058823529412 0.13647058823529412 0.14470588235294118
0 0.6294117647058823 0.701764705882353 0.1588235294117647 0.15058823529411763
1 0.47294117647058825 0.7123529411764706 0.1588235294117647 0.1635294117647059
1 0.31588235294117645 0.7029411764705882 0.17470588235294118 0.17058823529411765
1 0.11411764705882353 0.6982352941176471 0.2 0.19470588235294117