1 0.6929411764705883 0.22941176470588234 0.1535294117647059 0.15176470588235294
0 0.701764705882353 0.3729411764705882 0.1676470588235294 0.15764705882352942
1 0.7147058823529412 0.5252941176470588 0.16470588235294117 0.1564705882352941
1 0.7029411764705882 0.6852941176470588 0.17058823529411765 0.15764705882352942
1 0.6982352941176471 0.8829411764705882 0.1976470588235294 0.19470588235294117
1 0.2917647058823529 0.8947058823529411 0.2 0.18470588235294116
1 0.28058823529411764 0.6852941176470588 0.2088235294117647 0.2
1 0.26 0.48 0.17588235294117646 0.16470588235294117
1 0.3070588235294118 0.3288235294117647 0.17352941176470588 0.18058823529411766
0 0.27058823529411763 0.18588235294117647 0.16647058823529412 0.1588235294117647
0 0.2852941176470588 0.07411764705882352 0.1588235294117647 0.09117647058823529