0 0.10529411764705883 0.24176470588235294 0.1635294117647059 0.21941176470588236
1 0.24411764705882352 0.23647058823529413 0.15235294117647058 0.22647058823529412
0 0.3941176470588235 0.2635294117647059 0.15588235294117647 0.2311764705882353
1 0.548235294117647 0.2388235294117647 0.15470588235294117 0.1988235294117647
0 0.9264705882352942 0.25882352941176473 0.07941176470588235 0.22941176470588234
1 0.9188235294117647 0.8123529411764706 0.09529411764705882 0.2576470588235294
0 0.7541176470588236 0.7958823529411765 0.1635294117647059 0.2252941176470588
0 0.5358823529411765 0.7952941176470588 0.1711764705882353 0.22058823529411764
1 0.35411764705882354 0.7870588235294118 0.18352941176470589 0.24294117647058824
1 0.11 0.798235294117647 0.19588235294117648 0.2564705882352941
0 0.24058823529411766 0.8929411764705882 0.16058823529411764 0.13470588235294118