1 0.060588235294117644 0.2647058823529412 0.12117647058823529 0.2164705882352941
1 0.17529411764705882 0.19470588235294117 0.15588235294117647 0.18529411764705883
1 0.32823529411764707 0.24058823529411766 0.15058823529411763 0.21176470588235294
0 0.7664705882352941 0.25470588235294117 0.15705882352941178 0.2252941176470588
0 0.93 0.2529411764705882 0.07529411764705882 0.2
0 0.1111764705882353 0.7476470588235294 0.16470588235294117 0.22941176470588234
1 0.052941176470588235 0.9 0.10588235294117647 0.14352941176470588
0 0.3235294117647059 0.7811764705882352 0.16941176470588235 0.21941176470588236
0 0.5435294117647059 0.7970588235294118 0.16470588235294117 0.21352941176470588
0 0.7652941176470588 0.7964705882352942 0.1988235294117647 0.2564705882352941
0 0.9270588235294117 0.7670588235294118 0.07823529411764706 0.17352941176470588
0 0.8976470588235295 0.8941176470588236 0.14588235294117646 0.14352941176470588