0 0.5470588235294118 0.23647058823529413 0.1711764705882353 0.24176470588235294
0 0.7647058823529411 0.2541176470588235 0.16705882352941176 0.22941176470588234
1 0.9241176470588235 0.2541176470588235 0.08823529411764706 0.25941176470588234
0 0.12058823529411765 0.23705882352941177 0.15470588235294117 0.2076470588235294
0 0.024705882352941175 0.2011764705882353 0.04941176470588235 0.19941176470588234
0 0.11588235294117646 0.7729411764705882 0.15470588235294117 0.21764705882352942
0 0.31941176470588234 0.78 0.15705882352941178 0.21764705882352942
0 0.5476470588235294 0.8047058823529412 0.2 0.27
0 0.76 0.768235294117647 0.1623529411764706 0.2088235294117647
0 0.7035294117647058 0.8994117647058824 0.17588235294117646 0.15411764705882353
0 0.9211764705882353 0.7641176470588236 0.09294117647058824 0.23588235294117646
0 0.9047058823529411 0.92 0.12411764705882353 0.08588235294117647