1 0.3323529411764706 0.23058823529411765 0.1623529411764706 0.2235294117647059
0 0.5564705882352942 0.23470588235294118 0.16470588235294117 0.21470588235294116
1 0.7770588235294118 0.25058823529411767 0.19705882352941176 0.24
1 0.9329411764705883 0.2576470588235294 0.0688235294117647 0.20176470588235293
1 0.12117647058823529 0.77 0.16058823529411764 0.20294117647058824
0 0.3311764705882353 0.7929411764705883 0.18705882352941178 0.25470588235294117
0 0.5429411764705883 0.7758823529411765 0.15470588235294117 0.19705882352941176
0 0.4888235294117647 0.9023529411764706 0.1811764705882353 0.1188235294117647
0 0.7741176470588236 0.7829411764705883 0.21235294117647058 0.2711764705882353
0 0.9229411764705883 0.7952941176470588 0.08764705882352941 0.2535294117647059
0 0.7729411764705882 0.9311764705882353 0.15058823529411763 0.06352941176470588