1 0.11470588235294117 0.23352941176470587 0.15941176470588236 0.22058823529411764
0 0.3264705882352941 0.2388235294117647 0.15705882352941178 0.21058823529411766
0 0.5535294117647059 0.23647058823529413 0.1976470588235294 0.2741176470588235
0 0.7605882352941177 0.24294117647058824 0.17 0.20470588235294118
0 0.9188235294117647 0.2564705882352941 0.09705882352941177 0.27
1 0.10705882352941176 0.7723529411764706 0.19470588235294117 0.2605882352941176
0 0.32529411764705884 0.7735294117647059 0.15058823529411763 0.21941176470588236
0 0.2988235294117647 0.9041176470588236 0.17470588235294118 0.13058823529411764
0 0.5376470588235294 0.7964705882352942 0.21588235294117647 0.2858823529411765
0 0.7011764705882353 0.9264705882352942 0.1635294117647059 0.0888235294117647
0 0.9217647058823529 0.8023529411764706 0.09411764705882353 0.23588235294117646
0 0.7611764705882353 0.7758823529411765 0.2 0.26529411764705885