0 0.12705882352941175 0.24176470588235294 0.15470588235294117 0.2164705882352941
1 0.33647058823529413 0.23470588235294118 0.2 0.2711764705882353
0 0.5541176470588235 0.2511764705882353 0.17 0.22647058823529412
0 0.7847058823529411 0.2464705882352941 0.2223529411764706 0.28
0 0.9323529411764706 0.2529411764705882 0.07294117647058823 0.25058823529411767
0 0.1264705882352941 0.7641176470588236 0.15176470588235294 0.19117647058823528
0 0.18588235294117647 0.8964705882352941 0.15941176470588236 0.15411764705882353
1 0.33647058823529413 0.7935294117647059 0.2111764705882353 0.27705882352941175
1 0.5658823529411765 0.7729411764705882 0.21 0.25941176470588234
0 0.5141176470588236 0.9252941176470588 0.15235294117647058 0.07529411764705882
0 0.7747058823529411 0.8011764705882353 0.18 0.23294117647058823
1 0.9305882352941176 0.7970588235294118 0.07411764705882352 0.2311764705882353