1 0.38941176470588235 0.8282352941176471 0.3588235294117647 0.3305882352941176
1 0.6429411764705882 0.6664705882352941 0.36058823529411765 0.30058823529411766
1 0.1623529411764706 0.49117647058823527 0.3247058823529412 0.26941176470588235
1 0.3864705882352941 0.3341176470588235 0.2641176470588235 0.26705882352941174
1 0.5429411764705883 0.4676470588235294 0.23705882352941177 0.19176470588235295
1 0.3835294117647059 0.6141176470588235 0.27058823529411763 0.19470588235294117
1 0.13176470588235295 0.83 0.2635294117647059 0.30411764705882355
1 0.7947058823529412 0.5170588235294118 0.2635294117647059 0.32
1 0.6088235294117647 0.1935294117647059 0.30176470588235293 0.3235294117647059
1 0.8688235294117647 0.22411764705882353 0.26235294117647057 0.2858823529411765
1 0.3341176470588235 0.10647058823529412 0.2988235294117647 0.21294117647058824
1 0.2235294117647059 0.26823529411764707 0.20529411764705882 0.2488235294117647