1 0.3764705882352941 0.5376470588235294 0.37176470588235294 0.40705882352941175
1 0.5358823529411765 0.18352941176470589 0.40176470588235297 0.36705882352941177
1 0.691764705882353 0.38176470588235295 0.30823529411764705 0.31411764705882356
1 0.7529411764705882 0.5258823529411765 0.26 0.23647058823529413
1 0.5294117647058824 0.7547058823529412 0.34058823529411764 0.3388235294117647
1 0.19 0.7705882352941177 0.3305882352941176 0.33
1 0.2541176470588235 0.35705882352941176 0.26823529411764707 0.3035294117647059
1 0.13352941176470587 0.06470588235294118 0.2523529411764706 0.1288235294117647
1 0.3070588235294118 0.12470588235294118 0.1923529411764706 0.16647058823529412
1 0.9052941176470588 0.39294117647058824 0.18235294117647058 0.27176470588235296
1 0.3611764705882353 0.9147058823529411 0.27176470588235296 0.13647058823529412