0 0.3723529411764706 0.15058823529411763 0.12529411764705883 0.1423529411764706
0 0.5094117647058823 0.2323529411764706 0.12058823529411765 0.1323529411764706
0 0.808235294117647 0.36 0.10882352941176471 0.1264705882352941
0 0.9294117647058824 0.2923529411764706 0.11823529411764706 0.14705882352941177
0 0.8823529411764706 0.6976470588235294 0.11647058823529412 0.14529411764705882
0 0.8182352941176471 0.8194117647058824 0.10705882352941176 0.13058823529411764
0 0.5270588235294118 0.7394117647058823 0.09823529411764706 0.11647058823529412
0 0.35 0.6129411764705882 0.12176470588235294 0.13352941176470587
0 0.5464705882352942 0.5841176470588235 0.10058823529411764 0.10176470588235294
0 0.42411764705882354 0.5394117647058824 0.10176470588235294 0.09647058823529411
0 0.11647058823529412 0.24352941176470588 0.08352941176470588 0.10882352941176471
0 0.04294117647058823 0.22823529411764706 0.08176470588235295 0.10647058823529412
0 0.036470588235294116 0.029411764705882353 0.07294117647058823 0.058823529411764705
0 0.3841176470588235 0.85 0.08705882352941176 0.10176470588235294
0 0.3776470588235294 0.7505882352941177 0.09058823529411765 0.08529411764705883
0 0.0976470588235294 0.49411764705882355 0.05176470588235294 0.08705882352941176
0 0.01588235294117647 0.48 0.03176470588235294 0.09
0 0.8647058823529412 0.8564705882352941 0.1 0.10529411764705883
0 0.9723529411764706 0.9664705882352941 0.05529411764705883 0.05941176470588235