0 0.6417647058823529 0.4082352941176471 0.058823529411764705 0.06647058823529411
0 0.7576470588235295 0.46941176470588236 0.06705882352941177 0.07058823529411765
0 0.6176470588235294 0.48470588235294115 0.06 0.05529411764705883
0 0.5411764705882353 0.5011764705882353 0.04294117647058823 0.028823529411764706
0 0.5711764705882353 0.47941176470588237 0.045294117647058825 0.07705882352941176
0 0.5535294117647059 0.3729411764705882 0.06352941176470588 0.06294117647058824
0 0.14470588235294118 0.741764705882353 0.11 0.10294117647058823
0 0.08 0.6364705882352941 0.10352941176470588 0.07705882352941176
0 0.10882352941176471 0.48176470588235293 0.12705882352941175 0.10647058823529412
0 0.060588235294117644 0.5458823529411765 0.12058823529411765 0.1288235294117647
0 0.3088235294117647 0.6082352941176471 0.07470588235294118 0.06823529411764706
0 0.8005882352941176 0.5823529411764706 0.06529411764705882 0.06529411764705882