0 0.35 0.6047058823529412 0.09647058823529411 0.11529411764705882
0 0.3417647058823529 0.48176470588235293 0.0888235294117647 0.10647058823529412
0 0.03294117647058824 0.6052941176470589 0.06529411764705882 0.11352941176470588
0 0.023529411764705882 0.7105882352941176 0.047058823529411764 0.10294117647058823
0 0.5011764705882353 0.731764705882353 0.10176470588235294 0.12470588235294118
0 0.4252941176470588 0.6423529411764706 0.061764705882352944 0.06705882352941177
0 0.7482352941176471 0.6364705882352941 0.08823529411764706 0.10823529411764705
0 0.5782352941176471 0.7852941176470588 0.09352941176470589 0.10058823529411764
0 0.5705882352941176 0.8535294117647059 0.07823529411764706 0.07352941176470588
0 0.5782352941176471 0.6988235294117647 0.08647058823529412 0.11705882352941177
0 0.6576470588235294 0.5064705882352941 0.07823529411764706 0.11176470588235295