0 0.47294117647058825 0.5170588235294118 0.31176470588235294 0.3517647058823529
0 0.39588235294117646 0.7405882352941177 0.2723529411764706 0.3170588235294118
0 0.5435294117647059 0.7470588235294118 0.08352941176470588 0.11176470588235295
0 0.7388235294117647 0.8482352941176471 0.08705882352941176 0.11176470588235295
0 0.6435294117647059 0.8670588235294118 0.09705882352941177 0.12058823529411765
0 0.7064705882352941 0.93 0.10058823529411764 0.1264705882352941
0 0.7329411764705882 0.9629411764705882 0.11 0.06352941176470588
0 0.9470588235294117 0.7735294117647059 0.10529411764705883 0.11705882352941177
0 0.8070588235294117 0.6594117647058824 0.09176470588235294 0.10176470588235294
0 0.07941176470588235 0.27705882352941175 0.07882352941176471 0.08176470588235295
0 0.07470588235294118 0.36705882352941177 0.07058823529411765 0.0688235294117647
0 0.668235294117647 0.2511764705882353 0.057058823529411766 0.08470588235294117
0 0.7029411764705882 0.20823529411764705 0.07294117647058823 0.08
0 0.86 0.23529411764705882 0.06470588235294118 0.052941176470588235
0 0.8094117647058824 0.15764705882352942 0.0888235294117647 0.08823529411764706
0 0.7088235294117647 0.08411764705882353 0.07470588235294118 0.08294117647058824
0 0.6535294117647059 0.060588235294117644 0.07 0.07529411764705882
0 0.6458823529411765 0.12352941176470589 0.06 0.05647058823529412