0 0.881831 0.698282 0.12071 0.144725
0 0.370503 0.154092 0.123757 0.140113
0 0.803927 0.361931 0.112244 0.12427
0 0.0403287 0.228344 0.0806574 0.104886
0 0.347637 0.612445 0.123537 0.134026
0 0.538502 0.582869 0.0930511 0.10578
0 0.813311 0.815243 0.115248 0.124942
0 0.927212 0.296362 0.118393 0.14751
0 0.118241 0.248663 0.0864331 0.116577
0 0.970013 0.965989 0.0599733 0.0677776
0 0.521979 0.738186 0.105049 0.120674
0 0.425348 0.538169 0.10153 0.0997838
0 0.508475 0.232681 0.117567 0.136764
0 0.0368268 0.0308782 0.0736536 0.0615242
0 0.384332 0.848822 0.0953154 0.0950737
