0 0.549853 0.233565 0.197039 0.271276
0 0.763537 0.781579 0.210383 0.271053
0 0.759134 0.243136 0.161325 0.211912
0 0.922371 0.797597 0.0895462 0.248274
0 0.32602 0.76844 0.151699 0.203566
0 0.327637 0.239607 0.163833 0.224922
0 0.698195 0.923513 0.162361 0.0854377
0 0.298665 0.90307 0.176747 0.125681
1 0.106904 0.772577 0.198533 0.259468
1 0.917067 0.257782 0.100982 0.277326
0 0.536858 0.793778 0.217203 0.286318
0 0.117901 0.239546 0.168558 0.226249
1 0.535505 0.79403 0.216736 0.285461
1 0.117488 0.238287 0.1694 0.226034
